29
D.rerio_stt3a_dolichyldiphosphooligosaccharideprotein_glycosyltra 0.0000000 0.0351917 0.0409165 0.0527672 0.0344578 0.0409165 0.0398648 0.0462785 0.0483053 0.0497086 0.0396204 0.0564990 0.0408168 2.6349646 2.6248452 2.5542487 2.5542487 2.5652133 2.6231469 2.6739239 2.5753492 2.6460094 2.6080170 2.6166035 2.6166035 2.5535269 2.5340728 2.5652747 2.5586755 
S.salar_stt3a_Dolichyldiphosphooligosaccharideprotein_glycosyltra 0.0351917 0.0000000 0.0552049 0.0584031 0.0205348 0.0552049 0.0471173 0.0609569 0.0598178 0.0552539 0.0534017 0.0647789 0.0542944 2.6971698 2.7123908 2.6656907 2.6656907 2.6983486 2.7607417 2.7560218 2.6557700 2.7127657 2.7010827 2.7125107 2.7125107 2.6778540 2.6287954 2.6765708 2.6839390 
E.caballus_STT3A_dolichyldiphosphooligosaccharideprotein_glycosyl 0.0409165 0.0552049 0.0000000 0.0246223 0.0336092 0.0000010 0.0438346 0.0042625 0.0158688 0.0223501 0.0103015 0.0437398 0.0115788 2.4623126 2.5041225 2.4050891 2.4050891 2.5177197 2.5165677 2.5480596 2.4075944 2.5069483 2.4731289 2.4823601 2.4823601 2.4492822 2.4229696 2.4484103 2.4851907 
X.laevis_stt3a.S_dolichyldiphosphooligosaccharideprotein_glycosyl 0.0527672 0.0584031 0.0246223 0.0000000 0.0365857 0.0246223 0.0491742 0.0294931 0.0234321 0.0071160 0.0205447 0.0437546 0.0158275 2.5266021 2.5195794 2.4421032 2.4421032 2.5685252 2.5691080 2.6044091 2.4413996 2.5578054 2.5333433 2.5415032 2.5415032 2.5012852 2.4650683 2.5056186 2.5424040 
S.salar_LOC106603544_dolichyldiphosphooligosaccharideprotein_glyc 0.0344578 0.0205348 0.0336092 0.0365857 0.0000000 0.0336092 0.0261637 0.0385981 0.0378790 0.0336833 0.0320534 0.0419130 0.0330689 2.5707378 2.5865598 2.4887829 2.4887829 2.5431550 2.5968746 2.6059436 2.4895524 2.5648362 2.5294989 2.5391190 2.5391190 2.4988839 2.4379429 2.4979762 2.5143254 
F.catus_STT3A_dolichyldiphosphooligosaccharideprotein_glycosyltra 0.0409165 0.0552049 0.0000010 0.0246223 0.0336092 0.0000000 0.0438346 0.0042625 0.0158688 0.0223501 0.0103015 0.0437398 0.0115788 2.4623126 2.5041225 2.4050891 2.4050891 2.5177197 2.5165677 2.5480596 2.4075944 2.5069483 2.4731289 2.4823601 2.4823601 2.4492822 2.4229696 2.4484103 2.4851907 
G.aculeatus_stt3a_dolichyldiphosphooligosaccharideprotein_glycosy 0.0398648 0.0471173 0.0438346 0.0491742 0.0261637 0.0438346 0.0000000 0.0481692 0.0439503 0.0479202 0.0420942 0.0539551 0.0423886 2.5443766 2.5563122 2.4719202 2.4719202 2.4926201 2.5538220 2.5399741 2.4339382 2.5114868 2.5187515 2.5281705 2.5281705 2.4902185 2.4886035 2.4893294 2.5054840 
H.sapiens_STT3A_dolichyldiphosphooligosaccharideprotein_glycosylt 0.0462785 0.0609569 0.0042625 0.0294931 0.0385981 0.0042625 0.0481692 0.0000000 0.0204296 0.0271212 0.0148880 0.0489312 0.0161093 2.4595882 2.5013670 2.4024398 2.4024398 2.5150588 2.5138161 2.5453631 2.4049390 2.5011446 2.4658934 2.4750009 2.4750009 2.4466440 2.4153062 2.4457745 2.4825369 
S.townsendi_STT3A_dolichyldiphosphooligosaccharideprotein_glycosy 0.0483053 0.0598178 0.0158688 0.0234321 0.0378790 0.0158688 0.0439503 0.0204296 0.0000000 0.0219803 0.0129144 0.0446757 0.0099951 2.4942424 2.5321745 2.4621556 2.4621556 2.5480022 2.5478899 2.5976394 2.4464965 2.5513813 2.5012790 2.5106480 2.5106480 2.4770424 2.4512301 2.4761569 2.4877513 
X.laevis_stt3a.L_STT3A_subunit_of_the_oligosaccharyltransferase_c 0.0497086 0.0552539 0.0223501 0.0071160 0.0336833 0.0223501 0.0479202 0.0271212 0.0219803 0.0000000 0.0176783 0.0426509 0.0129938 2.5411404 2.5358294 2.4453635 2.4453635 2.5725599 2.5732837 2.6086850 2.4370539 2.5617733 2.5495695 2.5578224 2.5578224 2.5170651 2.4856344 2.5214135 2.5581850 
G.gallus_STT3A_dolichyldiphosphooligosaccharideprotein_glycosyltr 0.0396204 0.0534017 0.0103015 0.0205447 0.0320534 0.0103015 0.0420942 0.0148880 0.0129144 0.0176783 0.0000000 0.0366243 0.0056535 2.5433074 2.5818683 2.4841922 2.4841922 2.5591226 2.5976486 2.6269179 2.4869428 2.5852781 2.5501224 2.5600532 2.5600532 2.5243930 2.4985848 2.5234476 2.5603431 
C.carcharias_stt3a_dolichyldiphosphooligosaccharideprotein_glycos 0.0564990 0.0647789 0.0437398 0.0437546 0.0419130 0.0437398 0.0539551 0.0489312 0.0446757 0.0426509 0.0366243 0.0000000 0.0358732 2.6283294 2.6417562 2.5321419 2.5321419 2.5733883 2.6436850 2.6396679 2.5515550 2.5927217 2.5933224 2.5911569 2.5911569 2.5520710 2.5270147 2.5514862 2.5877849 
C.mydas_STT3A_dolichyldiphosphooligosaccharideprotein_glycosyltra 0.0408168 0.0542944 0.0115788 0.0158275 0.0330689 0.0115788 0.0423886 0.0161093 0.0099951 0.0129938 0.0056535 0.0358732 0.0000000 2.5018901 2.5397513 2.4445694 2.4445694 2.5552723 2.5554053 2.5908485 2.4471432 2.5446257 2.5103582 2.5182732 2.5182732 2.4793574 2.4587983 2.4836095 2.5199142 
X.laevis_stt3b.S_dolichyldiphosphooligosaccharideprotein_glycosyl 2.6349646 2.6971698 2.4623126 2.5266021 2.5707378 2.4623126 2.5443766 2.4595882 2.4942424 2.5411404 2.5433074 2.6283294 2.5018901 0.0000000 0.0127259 0.1524080 0.1524080 0.1477680 0.1175116 0.1141860 0.1230688 0.1080719 0.1240876 0.1191608 0.1171508 0.0788788 0.0822575 0.0862947 0.0779284 
X.laevis_stt3b.L_dolichyldiphosphooligosaccharideprotein_glycosyl 2.6248452 2.7123908 2.5041225 2.5195794 2.5865598 2.5041225 2.5563122 2.5013670 2.5321745 2.5358294 2.5818683 2.6417562 2.5397513 0.0127259 0.0000000 0.1672655 0.1672655 0.1641043 0.1233475 0.1233483 0.1304391 0.1170272 0.1329284 0.1287082 0.1266155 0.0816852 0.0808508 0.0926324 0.0779412 
S.salar_LOC123727364_dolichyldiphosphooligosaccharideprotein_glyc 2.5542487 2.6656907 2.4050891 2.4421032 2.4887829 2.4050891 2.4719202 2.4024398 2.4621556 2.4453635 2.4841922 2.5321419 2.4445694 0.1524080 0.1672655 0.0000000 0.0000010 0.1329140 0.1042681 0.1115297 0.1370126 0.1044561 0.1905240 0.1866628 0.1840552 0.1668259 0.1407748 0.1583729 0.1580624 
S.salar_LOC106606144_dolichyldiphosphooligosaccharideprotein_glyc 2.5542487 2.6656907 2.4050891 2.4421032 2.4887829 2.4050891 2.4719202 2.4024398 2.4621556 2.4453635 2.4841922 2.5321419 2.4445694 0.1524080 0.1672655 0.0000010 0.0000000 0.1329140 0.1042681 0.1115297 0.1370126 0.1044561 0.1905240 0.1866628 0.1840552 0.1668259 0.1407748 0.1583729 0.1580624 
G.aculeatus_LOC120810931_dolichyldiphosphooligosaccharideprotein_ 2.5652133 2.6983486 2.5177197 2.5685252 2.5431550 2.5177197 2.4926201 2.5150588 2.5480022 2.5725599 2.5591226 2.5733883 2.5552723 0.1477680 0.1641043 0.1329140 0.1329140 0.0000000 0.1174865 0.1261137 0.1509371 0.1287147 0.1765993 0.1708205 0.1727377 0.1431743 0.1464791 0.1373708 0.1504378 
D.rerio_stt3b_dolichyldiphosphooligosaccharideprotein_glycosyltra 2.6231469 2.7607417 2.5165677 2.5691080 2.5968746 2.5165677 2.5538220 2.5138161 2.5478899 2.5732837 2.5976486 2.6436850 2.5554053 0.1175116 0.1233475 0.1042681 0.1042681 0.1174865 0.0000000 0.0907382 0.0887850 0.0808742 0.1459988 0.1443987 0.1420566 0.1161924 0.1219321 0.1089752 0.1076525 
S.salar_LOC106588202_dolichyldiphosphooligosaccharideprotein_glyc 2.6739239 2.7560218 2.5480596 2.6044091 2.6059436 2.5480596 2.5399741 2.5453631 2.5976394 2.6086850 2.6269179 2.6396679 2.5908485 0.1141860 0.1233483 0.1115297 0.1115297 0.1261137 0.0907382 0.0000000 0.0693602 0.0157295 0.1531772 0.1475947 0.1451812 0.1291666 0.1254743 0.1183808 0.1173740 
G.aculeatus_LOC120826197_dolichyldiphosphooligosaccharideprotein_ 2.5753492 2.6557700 2.4075944 2.4413996 2.4895524 2.4075944 2.4339382 2.4049390 2.4464965 2.4370539 2.4869428 2.5515550 2.4471432 0.1230688 0.1304391 0.1370126 0.1370126 0.1509371 0.0887850 0.0693602 0.0000000 0.0592375 0.1549018 0.1493101 0.1468967 0.1236883 0.1214082 0.1171045 0.1226551 
S.salar_LOC106570075_dolichyldiphosphooligosaccharideprotein_glyc 2.6460094 2.7127657 2.5069483 2.5578054 2.5648362 2.5069483 2.5114868 2.5011446 2.5513813 2.5617733 2.5852781 2.5927217 2.5446257 0.1080719 0.1170272 0.1044561 0.1044561 0.1287147 0.0808742 0.0157295 0.0592375 0.0000000 0.1481997 0.1427227 0.1403413 0.1139450 0.1147461 0.1104309 0.1103661 
H.sapiens_STT3B_dolichyldiphosphooligosaccharideprotein_glycosylt 2.6080170 2.7010827 2.4731289 2.5333433 2.5294989 2.4731289 2.5187515 2.4658934 2.5012790 2.5495695 2.5501224 2.5933224 2.5103582 0.1240876 0.1329284 0.1905240 0.1905240 0.1765993 0.1459988 0.1531772 0.1549018 0.1481997 0.0000000 0.0049206 0.0061840 0.0895504 0.0861272 0.0867197 0.0838532 
E.caballus_STT3B_dolichyldiphosphooligosaccharideprotein_glycosyl 2.6166035 2.7125107 2.4823601 2.5415032 2.5391190 2.4823601 2.5281705 2.4750009 2.5106480 2.5578224 2.5600532 2.5911569 2.5182732 0.1191608 0.1287082 0.1866628 0.1866628 0.1708205 0.1443987 0.1475947 0.1493101 0.1427227 0.0049206 0.0000000 0.0012237 0.0845882 0.0818470 0.0818412 0.0783380 
F.catus_STT3B_dolichyldiphosphooligosaccharideprotein_glycosyltra 2.6166035 2.7125107 2.4823601 2.5415032 2.5391190 2.4823601 2.5281705 2.4750009 2.5106480 2.5578224 2.5600532 2.5911569 2.5182732 0.1171508 0.1266155 0.1840552 0.1840552 0.1727377 0.1420566 0.1451812 0.1468967 0.1403413 0.0061840 0.0012237 0.0000000 0.0828565 0.0809258 0.0801710 0.0766795 
S.townsendi_STT3B_dolichyldiphosphooligosaccharideprotein_glycosy 2.5535269 2.6778540 2.4492822 2.5012852 2.4988839 2.4492822 2.4902185 2.4466440 2.4770424 2.5170651 2.5243930 2.5520710 2.4793574 0.0788788 0.0816852 0.1668259 0.1668259 0.1431743 0.1161924 0.1291666 0.1236883 0.1139450 0.0895504 0.0845882 0.0828565 0.0000000 0.0650158 0.0265545 0.0349034 
C.carcharias_stt3b_dolichyldiphosphooligosaccharideprotein_glycos 2.5340728 2.6287954 2.4229696 2.4650683 2.4379429 2.4229696 2.4886035 2.4153062 2.4512301 2.4856344 2.4985848 2.5270147 2.4587983 0.0822575 0.0808508 0.1407748 0.1407748 0.1464791 0.1219321 0.1254743 0.1214082 0.1147461 0.0861272 0.0818470 0.0809258 0.0650158 0.0000000 0.0614059 0.0631968 
C.mydas_STT3B_dolichyldiphosphooligosaccharideprotein_glycosyltra 2.5652747 2.6765708 2.4484103 2.5056186 2.4979762 2.4484103 2.4893294 2.4457745 2.4761569 2.5214135 2.5234476 2.5514862 2.4836095 0.0862947 0.0926324 0.1583729 0.1583729 0.1373708 0.1089752 0.1183808 0.1171045 0.1104309 0.0867197 0.0818412 0.0801710 0.0265545 0.0614059 0.0000000 0.0363312 
G.gallus_STT3B_dolichyldiphosphooligosaccharideprotein_glycosyltr 2.5586755 2.6839390 2.4851907 2.5424040 2.5143254 2.4851907 2.5054840 2.4825369 2.4877513 2.5581850 2.5603431 2.5877849 2.5199142 0.0779284 0.0779412 0.1580624 0.1580624 0.1504378 0.1076525 0.1173740 0.1226551 0.1103661 0.0838532 0.0783380 0.0766795 0.0349034 0.0631968 0.0363312 0.0000000 
